rotation:
  pitch: 4.71
  roll: 0.0
  yaw: 5.86375
translation:
  x: -13.571428571428571
  y: 4.642857142857142
  z: 1.8
