rotation:
  pitch: 4.769583333333333
  roll: 0.01416666666666666
  yaw: 3.675416666666667
translation:
  x: -4.047619047619046
  y: 14.761904761904761
  z: 1.5
