rotation:
  pitch: 4.71
  roll: 0.0
  yaw: 6.2004166666666665
translation:
  x: -5.595238095238095
  y: -0.35714285714285665
  z: 1.6785714285714284
