rotation:
  pitch: -0.07
  roll: -0.07
  yaw: -0.07
translation:
  x: -1.4285714285714288
  y: 0.4761904761904748
  z: 0.0
