rotation:
  pitch: -0.07
  roll: -0.07
  yaw: -0.07
translation:
  x: -5.952380952380954
  y: 7.857142857142858
  z: 0.0
